4.132328300000000000e+07
4.270873300000000000e+07
4.600274400000000000e+07
4.691020200000000000e+07
5.045167800000000000e+07
5.211956700000000000e+07
5.275969200000000000e+07
4.041599500000000000e+07
3.294911800000000000e+07
5.753030900000000000e+07
4.898346200000000000e+07
4.468263600000000000e+07
4.726317200000000000e+07
4.714783700000000000e+07
4.129184700000000000e+07
4.213572800000000000e+07
4.402094300000000000e+07
4.400282100000000000e+07
4.370679600000000000e+07
4.298845800000000000e+07
4.518223200000000000e+07
4.308652600000000000e+07
4.961608000000000000e+07
5.863358600000000000e+07
5.919748000000000000e+07
5.794423900000000000e+07
5.075053500000000000e+07
4.831253800000000000e+07
4.504361200000000000e+07
4.408538500000000000e+07
4.029369900000000000e+07
3.425842500000000000e+07
3.722959600000000000e+07
3.427243200000000000e+07
3.991826500000000000e+07
3.973394400000000000e+07
3.716743800000000000e+07
4.115967700000000000e+07
3.934563100000000000e+07
3.547720200000000000e+07
3.732895500000000000e+07
3.368381800000000000e+07
3.502585500000000000e+07
4.201495200000000000e+07
4.250360600000000000e+07
4.721198800000000000e+07
4.709002900000000000e+07
4.195959200000000000e+07
4.294558400000000000e+07
4.722666100000000000e+07
4.261766400000000000e+07
4.055153500000000000e+07
4.690256200000000000e+07
4.366336700000000000e+07
4.118611900000000000e+07
4.214349500000000000e+07
4.122033100000000000e+07
3.877892600000000000e+07
3.461262000000000000e+07
4.189372300000000000e+07
4.099714800000000000e+07
4.263547800000000000e+07
4.188496200000000000e+07
4.314287900000000000e+07
4.222569200000000000e+07
4.202064100000000000e+07
4.287334900000000000e+07
4.582739200000000000e+07
4.256770100000000000e+07
4.447711800000000000e+07
4.704535800000000000e+07
4.301523400000000000e+07
4.257336300000000000e+07
4.282790700000000000e+07
4.338590900000000000e+07
4.333367000000000000e+07
4.218518700000000000e+07
4.477241300000000000e+07
4.386328600000000000e+07
4.267010700000000000e+07
4.489815400000000000e+07
4.054389000000000000e+07
4.577646400000000000e+07
4.117794100000000000e+07
4.230036700000000000e+07
4.328861900000000000e+07
4.520308400000000000e+07
4.272730700000000000e+07
4.519966900000000000e+07
4.622569400000000000e+07
4.777734700000000000e+07
5.107739200000000000e+07
4.480895400000000000e+07
4.334024900000000000e+07
4.088161900000000000e+07
3.840927000000000000e+07
4.280480200000000000e+07
4.102891700000000000e+07
4.134185800000000000e+07
4.351796300000000000e+07
